Group members

UBITName = suniluma
personNumber = 50249002

UBITName = a45
personNumber = 50244979

UBITName = prajnaga
personNumber = 50244304

mu1 = 3.21428571429
mu2 = 53.3857142857
mu3 = 469178.816327
mu4 = 29711.9591837

var1 = 0.448163265306
var2 = 12.5881632653
var3 = 13900134681.7
var4 = 30727538.733

sigma1 = 0.669449972221
sigma2 = 3.54798016698
sigma3 = 117898.832402
sigma4 = 5543.24261899


covarianceMat = 
[[  4.57500000e-01   1.10562500e+00   3.87978185e+03   1.05847976e+03]
 [  1.10562500e+00   1.28504167e+01   7.02793765e+04   2.80578899e+03]
 [  3.87978185e+03   7.02793765e+04   1.41897208e+10  -1.63685641e+08]
 [  1.05847976e+03   2.80578899e+03  -1.63685641e+08   3.13676958e+07]]

correlationMat = 
[[ 1.          0.4559883   0.04815316  0.27941242]
 [ 0.4559883   1.          0.16458201  0.13975105]
 [ 0.04815316  0.16458201  1.         -0.2453479 ]
 [ 0.27941242  0.13975105 -0.2453479   1.        ]]

logLikelihood = -1315.09879256

multivariatelogLikelihood = -1304.77824581